1000 281
1000 282
1000 283
1000 284
1000 285
1000 286
1000 287
1001 1000
1001 288
1001 289
1001 290
1001 291
1001 292
1001 293
1002 1001
1002 1003
1003 294
1003 295
1003 296
1003 297
1002 1004
1002 1005
1002 1006
1006 298
1006 299
1004 387
1004 388
1005 356
1005 357
1005 358
1005 359
1005 360
1005 361
1005 362
1002 1007
1007 1008
1007 1009
1007 1010
1007 276
1008 277
1008 278
1008 279
1008 280
1009 269
1009 270
1009 271
1009 272
1010 273
1010 274
1010 275
1007 1011
1011 253
1011 254
1011 255
1011 256
1011 257
1011 268
1011 251
1011 262
1011 1012
1011 1013
1011 1014
1012 263
1012 264
1013 265
1013 266
1013 267
1014 258
1014 259
1014 260
1014 261
1011 1015
1011 1016
1011 1017
1011 1018
1011 1019
1015 215
1015 216
1015 217
1015 218
1015 219
1015 220
1015 221
1016 210
1016 211
1017 205
1017 206
1017 207
1017 208
1017 209
1018 212
1018 213
1018 214
1019 179
1019 180
1019 181
1019 182
1019 183
1019 184
1019 185
1019 186
1019 187
1019 188
1019 189
1019 190
1019 191
1019 192
1019 193
1019 194
1019 195
1019 196
1019 197
1019 198
1019 199
1019 200
1019 201
1019 202
1019 203
1019 204
1011 1020
1011 159
1020 160
1020 161
1020 162
1020 163
1020 164
1020 165
1020 166
1020 167
1020 168
1020 169 
1020 170
1020 171
1020 172
1020 173
1020 174
1020 175
1020 176
1020 177
1020 178
1011 1021
1021 151
1021 152
1021 153
1021 154
1021 155
1021 156
1021 157
1021 158
1011 1022
1022 224
1022 225
1022 226
1022 227
1022 228
1022 229
1022 230
1022 231
1022 232
1022 233
1022 234
1022 235
1011 1023
1023 252
1023 222
1023 223
1023 236
1023 237
1011 238
1011 239
1011 240
1011 241
1011 242
1011 243
1011 244
1011 245
1011 246
1011 247
1011 248
1011 249
1011 250
1026 1025
1025 1024
1026 1002
1024 345
1024 346
1024 347
1024 348
1024 349
1024 350
1024 351
1024 352
1024 353
1025 341
1025 342
1025 343
1025 344
1025 354
1025 355
1025 339
1025 340
1026 1027
1027 1028
1027 1029
1027 1030
1028 365
1028 366
1028 367
1028 368
1028 369
1029 370
1029 371
1029 372
1029 373
1029 374
1029 375
1029 376
1029 377
1029 378
1029 379
1028 380
1029 381
1029 382
1030 383
1030 384
1026 1031
1031 333
1031 334
1031 335
1031 336
1031 337
1031 338
1026 330
1026 331
1026 332
1026 363
1026 364
1026 385
1026 386
1026 101
1026 102
1026 103
1026 104
1026 105
1026 106
1039 1026
1039 1034
1039 1040
1040 1038
1034 1032
1034 1033
1038 1035
1038 1036
1038 1037
1032 0
1032 1
1032 390
1032 392
1032 393
1032 394
1032 395
1032 396
1032 397
1033 2
1033 3
1033 4
1033 5
1033 6
1034 391
1034 389
1035 97
1035 98
1035 99
1036 139
1036 140
1036 141
1036 142
1036 143
1036 132
1036 133
1036 127
1036 128
1036 129
1036 130
1036 131
1036 134
1036 135
1036 137
1036 138
1037 144
1037 145
1037 146
1038 100
1038 136
1040 1041
1040 1042
1040 1043
1040 1044
1041 80
1041 81
1041 82
1041 83
1041 84
1041 85
1041 86
1042 10
1042 11
1042 12
1042 13
1042 14
1042 15
1042 16
1042 17
1042 18
1042 19
1042 20
1043 21
1043 22
1043 23
1043 24
1044 87
1044 88
1044 89
1044 90
1040 91
1040 92
1040 93
1040 94
1040 95
1040 96
1040 7
1040 8
1040 9
1039 1050
1050 1045
1045 1047
1050 1046
1050 1048
1050 1049
1047 52
1047 53
1047 54
1047 55
1047 56
1047 57
1047 58
1047 59
1047 60
1045 65
1045 51
1045 61
1045 62
1045 63
1045 64
1045 66
1045 67
1045 68
1048 49
1048 50
1046 38
1046 39
1046 40
1046 41
1046 42
1046 43
1046 44
1046 45
1046 46
1046 47
1046 48
1049 33
1049 34
1049 35
1049 36
1049 37
1051 1052
1051 1053
1039 1051
1052 30
1052 31
1052 32
1053 25
1053 26
1053 27
1053 28
1053 29
1054 1039
1056 1055
1055 118
1055 119
1055 120
1055 121
1056 122
1056 123
1056 124
1056 125
1056 126
1057 1056
1057 1060
1060 1058
1060 1059
1058 300
1058 301
1058 302
1058 303
1058 304
1058 305
1058 306
1058 307
1059 321
1059 322
1059 323
1059 324
1059 325
1059 326
1060 308
1060 309
1060 310
1060 311
1060 312
1060 313
1060 314
1060 315
1060 316
1060 317
1060 318
1060 319
1060 320
1062 1061
1057 1062
1063 1057
1054 1063
1062 78
1062 70
1062 71
1057 69
1057 79
1061 72
1061 73
1061 74
1061 75
1061 76
1061 77
1063 1064
1063 1065
1063 1066
1063 1067
1064 107
1064 108
1064 109
1065 112
1065 113
1065 114
1065 115
1065 116
1065 117
1067 110
1067 111
1066 327
1066 328
1066 329
1068 1054
1068 1069
1068 1070
1069 985
1069 986
1070 981
1070 982
1070 983
1068 1071
1071 991
1071 992
1071 993
1071 994
1071 995
1071 996
1071 997
1072 147
1072 148
1072 149
1072 150
1026 1072
1073 413
1073 764
1073 763
1074 1073
1074 471
1074 657
1074 744
1074 456
1075 1074
1075 1076
1076 633
1076 755
1078 1077
1075 1078
1078 685
1078 769
1078 778
1078 426
1077 409
1077 530
1077 531
1077 892
1077 604
1077 704
1077 826
1077 835
1075 635
1075 837
1075 823
1075 845
1075 745
1075 583
1075 447
1079 1075
1079 1080
1080 1081
1081 590
1081 620
1081 681
1081 527
1081 798
1081 916
1080 491
1080 740
1080 398
1080 595
1080 856
1080 800
1080 886
1080 480
1082 1083
1082 1084
1082 1085
1079 1082
1083 432
1083 683
1083 776
1083 558
1083 566
1083 513
1083 875
1083 401
1083 593
1083 699
1083 687
1083 684
1084 579
1084 881
1084 494
1084 541
1084 577
1084 641
1084 642
1084 822
1085 486
1085 402
1085 889
1085 594
1085 546
1085 420
1079 1086
1079 1087
1079 1088
1086 1089
1089 694
1089 723
1089 739
1086 571
1086 476
1086 758
1086 600
1086 843
1086 844
1086 753
1086 613
1087 535
1087 584
1087 507
1087 695
1087 772
1087 464
1087 616
1087 677
1087 783
1087 785
1087 676
1088 645
1088 678
1088 718
1088 872
1079 632
1079 650
1079 836
1079 607
1079 470
1079 818
1079 862
1079 782
1079 673
1079 592
1079 475
1079 807
1079 815
1079 674
1079 908
1079 691
1079 801
1079 545
1079 686
1079 828
1079 628
1079 811
1079 827
1079 508
1079 878
1079 517
1079 795
1079 902
1079 761
1079 714
1079 626
1091 1090
1092 1091
1093 1092
1094 1093
1092 1095
1090 656
1090 675
1090 734
1091 717
1091 864
1091 867
1091 569
1091 555
1092 665
1092 408
1092 573
1092 575
1092 803
1095 407
1095 436
1095 468
1095 511
1095 609
1095 627
1095 661
1095 751
1095 817
1093 547
1093 820
1093 586
1093 802
1093 847
1093 866
1093 829
1093 757
1093 561
1094 603
1094 612
1094 690
1094 444
1094 671
1094 565
1094 705
1094 428
1094 791
1094 670
1094 870
1094 880
1096 1094
1096 1097
1097 1098
1097 1099
1098 1100
1098 1101
1098 1102
1100 403
1100 510
1100 628
1100 724
1100 833
1100 913
1101 914
1101 814
1101 625
1101 576
1101 554
1101 472
1102 484
1102 780
1102 871
1099 895
1099 812
1099 404
1099 405
1099 417
1096 450
1096 537
1103 1096
1103 466
1103 654
1103 779
1103 830
1103 874
1104 1103
1104 1079
1109 1105
1109 1106
1109 1107
1109 1108
1104 1109
1105 1110
1105 1111
1111 469
1111 505
1111 849
1110 440
1110 720
1110 737
1110 898
1110 907
1105 427
1105 438
1105 435
1105 463
1105 504
1105 618
1105 666
1105 725
1105 756
1105 876
1105 883
1105 899
1105 900
1105 901
1105 896
1106 771
1106 478
1106 492
1106 519
1106 637
1106 709
1107 659
1107 712
1107 809
1108 414
1108 636
1108 728
1108 748
1108 797
1109 412
1109 441
1109 481
1109 503
1109 588
1109 790
1109 804
1109 653
1109 893
1109 572
1109 647
1109 692
1109 719
1109 738
1109 549
1109 773
1109 855
1109 910
1109 868
1115 1112
1115 1113
1115 730
1115 621
1112 499
1112 596
1112 623
1112 726
1113 512
1113 473
1113 587
1113 731
1113 784
1113 792
1104 1118
1118 1115
1118 1116
1118 1117
1118 1114
1116 521
1116 567
1116 909
1116 813
1118 810
1117 523
1117 542
1117 557
1117 644
1117 816
1114 418
1114 563
1114 749
1118 696
1118 462
1118 840
1118 767
1118 693
1118 733
1118 710
1118 752
1104 1119
1119 1120
1120 1121
1120 1122
1120 605
1121 742
1122 487
1122 528
1122 707
1125 1123
1125 1124
1119 1125
1120 482
1120 485
1120 662
1120 664
1120 688
1120 848
1123 918
1123 611
1125 736
1124 430
1124 429
1124 522
1124 574
1124 722
1124 747
1124 768
1119 1126
1119 1127
1119 1128
1126 477
1126 540
1119 713
1128 732
1128 759
1119 701
1127 416
1127 422
1127 543
1127 602
1127 702
1124 805
1124 852
1124 890
1104 1129
1129 1131
1131 1130
1129 1132
1129 1133
1130 857
1130 423
1130 559
1130 765
1131 831
1131 703
1131 861
1129 564
1132 431
1132 516
1132 520
1129 1134
1134 495
1134 648
1129 493
1129 453
1129 548
1129 553
1129 532
1129 846
1129 894
1133 526
1104 1135
1135 794
1135 854
1104 741
1104 1136
1136 851
1136 754
1136 646
1104 488
1104 1137
1137 551
1137 629
1137 838
1137 585
1137 631
1137 711
1138 1139
1138 1140
1138 1141
1138 1142
1138 1143
1138 1144
1138 1145
1139 1146
1138 610
1138 465
1138 529
1138 834
1139 735
1146 869
1146 568
1146 617
1140 451
1140 457
1140 906
1141 841
1141 474
1142 399
1142 614
1143 552
1143 824
1144 601
1144 655
1144 689
1144 775
1145 445
1145 639
1145 842
1147 1138
1147 1148
1147 1149
1148 496
1148 638
1148 806
1147 608
1149 643
1149 903
1147 658
1147 1150
1150 1151
1150 1152
1150 1153
1151 433
1151 667
1151 793
1152 439
1152 452
1152 515
1152 808
1153 518
1153 560
1147 1154
1154 887
1154 400
1147 1155
1155 578
1155 459
1147 411
1147 615
1147 652
1147 697
1156 1147
1156 1157
1157 1158
1158 1159
1158 1160
1157 589
1159 550
1159 544
1159 766
1159 859
1159 891
1159 651
1160 534
1160 760
1160 897
1158 606
1158 786
1158 882
1161 1156
1161 434
1162 1161
1162 1104
1164 1163
1162 1164
1163 1165
1163 1166
1163 1167
1163 1168
1163 1169
1163 1170
1163 1171
1163 1172
1165 715
1165 461
1166 490
1166 524
1166 787
1167 905
1168 796
1168 570
1169 879
1169 442
1169 448
1163 1173
1173 622
1170 538
1170 853
1170 858
1170 884
1163 619
1163 446
1171 556
1171 669
1171 904
1172 597
1172 777
1164 1174
1164 1175
1164 1176
1164 1177
1174 419
1174 750
1175 539
1176 514
1176 502
1176 1178
1178 630
1178 770
1178 774
1177 455
1177 640
1177 680
1164 921
1164 789
1164 501
1162 1179
1179 1180
1181 1182
1180 1181
1182 663
1182 698
1181 500
1181 915
1180 660
1183 410
1183 449
1179 1186
1184 497
1184 668
1184 832
1186 425
1186 1184
1185 498
1185 598
1186 580
1186 1185
1186 624
1186 727
1186 762
1186 1183
1179 1188
1188 1187
1188 743
1188 582
1187 415
1187 424
1187 454
1187 467
1187 509
1187 788
1187 860
1187 865
1190 1189
1179 1190
1189 912
1189 825
1189 716
1189 489
1190 799
1190 877
1190 581
1190 421
1190 460
1190 525
1179 634
1191 599
1191 729
1191 708
1179 1191
1179 483
1179 672
1179 706
1179 536
1179 406
1179 437
1179 506
1179 562
1179 1192
1179 1193
1192 821
1192 839
1192 888
1193 458
1193 649
1193 873
1179 1194
1194 863
1193 682
1162 917
1162 679
1162 1195
1195 443
1195 533
1195 591
1195 885
1195 911
1195 700
1162 721
1162 746
1162 781
1162 819
1162 850
1198 1196
1198 1197
1199 1198
1196 948
1196 949
1196 950
1196 951
1196 954
1196 956
1196 952
1196 955
1196 953
1196 957
1197 987
1197 984
1197 990
1198 988
1198 998
1198 989
1199 977
1200 968
1200 969
1200 966
1200 967
1203 1201
1203 1202
1201 973
1202 970
1202 980
1202 976
1204 1203
1204 979
1204 978
1204 975
1204 972
1204 974
1205 1206
1205 1207
1207 928
1207 929
1207 927
1207 923
1206 925
1206 926
1206 965
1206 962
1206 963
1206 964
1208 1199
1208 1200
1208 1205
1208 1209
1209 1210
1209 1211
1209 945
1209 935
1211 936
1211 937
1211 938
1210 939
1210 940
1210 942
1210 941
1137 999
1209 944
1209 946
1209 947
1209 943
1208 924
1208 930
1208 931
1208 933
1208 934
1208 958
1208 960
1208 961
1208 932
1208 959
1104 919
1104 920
1104 922
1104 971
1212 1068
1212 1199
1212 1204
1212 1208
1212 1162
1089 479